Webots Project File version R2020b
perspectives: 000000ff00000000fd00000003000000000000000000000000fc0100000001fb0000001a0044006f00630075006d0065006e0074006100740069006f006e0000000000ffffffff0000006900ffffff00000001000001c400000694fc0200000001fb0000001400540065007800740045006400690074006f00720100000020000006940000009000ffffff000000030000081a00000153fc0100000002fb0000000e0043006f006e0073006f006c00650100000000000003bf0000000000000000fb0000001a0043006f006e0073006f006c00650041006c006c0041006c006c01000000000000081a0000006900ffffff000006540000069400000001000000020000000100000008fc00000000
simulationViewPerspectives: 000000ff00000001000000020000014b000005ba0100000002010000000100
sceneTreePerspectives: 000000ff0000000100000002000000c0000000fc0100000002010000000200
maximizedDockId: -1
centralWidgetVisible: 1
orthographicViewHeight: 1
textFiles: 1 "../controllers/EPuckAvoidCollision/EPuckAvoidCollision.java" "../controllers/epuck_go_forward/epuck_go_forward.py"
consoles: Console:All:All
renderingDevicePerspectives: e-puck:camera;0;1.01923;0;0.0011655
